[-62.9451799, -35.9885804],
  [-62.9529691, -35.9822604],
  [-62.9473686, -35.9777457],
  [-62.9467678, -35.9781711],
  [-62.9445255, -35.976452],
  [-62.9373264, -35.9823472],
  [-62.9451799, -35.9886152]

[         -62.9370928,         -35.9952298       ],       [         -62.9291495,         -35.9889798       ],       [         -62.9215766,         -35.9949521       ],       [         -62.9294501,         -36.00141       ],       [         -62.9370928,         -35.9952993       ]

-----------------------------------------------------------------------------------------------
54

******

[         -63.1057364,         -36.081153       ],       [         -63.1259821,         -36.0656827       ],       [         -63.1156877,         -36.0575647       ],       [         -63.0968146,         -36.073106       ],       [         -63.1058222,         -36.0810837       ]

******

[         -63.0964714,         -36.0731754       ],       [         -63.1155161,         -36.0573566       ],       [         -63.105812,         -36.0493071       ],       [         -63.0864344,         -36.0645726       ],       [         -63.0962141,         -36.0733142       ]

******

[         -63.1156859,         -36.0572872       ],       [         -63.1255513,         -36.0496541       ],       [         -63.1155143,         -36.0411875       ],       [         -63.1058977,         -36.0491684       ],       [         -63.1156859,         -36.057079       ]

-------------------------------------------------------------------------------------------------
  [
    -62.9477978,
    -35.9823472
  ],
  [
    -62.9443645,
    -35.9800899
  ],
  [
    -62.9414463,
    -35.9819999
  ],
  [
    -62.9449224,
    -35.9845349
  ],
  [
    -62.9477978,
    -35.9824514
  ]


  ---------------------------------------------

  [
    -62.9450083,
    -35.9886672
  ],
  [
    -62.9372406,
    -35.9825208
  ],
  [
    -62.9291296,
    -35.9890839
  ],
  [
    -62.9367685,
    -35.9955076
  ],
  [
    -62.9450083,
    -35.9888409
  ]

**************************************

  [
    -62.945137,
    -35.9886325
  ],
  [
    -62.9421329,
    -35.9860282
  ],
  [
    -62.9372406,
    -35.9894659
  ],
  [
    -62.9342365,
    -35.9897784
  ],
  [
    -62.9307175,
    -35.9879728
  ],
  [
    -62.9290438,
    -35.9891187
  ],
  [
    -62.9368114,
    -35.9953687
  ],
  [
    -62.945137,
    -35.9888409
  ]

  ************************************

  [
    -62.9419935,
    -35.9861671
  ],
  [
    -62.9406631,
    -35.9851166
  ],
  [
    -62.9393113,
    -35.9861323
  ],
  [
    -62.9404163,
    -35.987148
  ],
  [
    -62.941972,
    -35.9861757
  ]

  ---------------------------------------------------

  [         -62.9453516,         -35.9885631       ],       [         -62.9374552,         -35.9824861       ],       [         -62.9288292,         -35.9891534       ],       [         -62.9367685,         -35.9952646       ],       [         -62.9453087,         -35.988702       ]

  *****

  [         -62.9416287,         -35.9864796       ],       [         -62.9415751,         -35.9858372       ],       [         -62.9410493,         -35.9854118       ],       [         -62.9404271,         -35.9854031       ],       [         -62.9399014,         -35.9858111       ],       [         -62.939837,         -35.9864015       ],       [         -62.9403412,         -35.9869223       ],       [         -62.9408884,         -35.9869657       ],       [         -62.9415965,         -35.9864969       ]

  *****

  [         -62.9440856,         -35.9893444       ],       [         -62.9416823,         -35.9890492       ],       [         -62.9408455,         -35.9892055       ],       [         -62.9407597,         -35.9896742       ],       [         -62.9415321,         -35.9915319       ],       [         -62.9440641,         -35.9894138       ]

  *****

  [         -62.9382706,         -35.994084       ],       [         -62.9374981,         -35.9915319       ],       [         -62.9361463,         -35.989761       ],       [         -62.9343867,         -35.989952       ],       [         -62.933507,         -35.9925215       ],       [         -62.937026,         -35.9953514       ],       [         -62.938292,         -35.9940493       ]


  -----------------------------------------------------

 [     -62.9529905,     -35.9821562   ],   [     -62.9451585,     -35.975853   ],   [     -62.937305,     -35.9823472   ],   [     -62.945137,     -35.9886672   ],   [     -62.9529905,     -35.9821388   ]

  ***************************

[   -62.947433,   -35.977711 ], [   -62.9451156,   -35.975853 ], [   -62.9445362,   -35.9763739 ], [   -62.9467678,   -35.9782666 ], [   -62.9473901,   -35.9777804 ]

*****************************

[   -62.9475403,   -35.9780062 ], [   -62.9401588,   -35.9845697 ], [   -62.9450941,   -35.9886325 ], [   -62.9531193,   -35.9823124 ], [   -62.9476261,   -35.9779715 ]

------------------------------------------------------------

[         -62.9531527,         -35.9822777       ],       [         -62.9450941,         -35.9758877       ],       [         -62.9374379,         -35.9823124       ],       [         -62.9451665,         -35.9885283       ],       [         -62.9530669,         -35.982243       ]
      ****************
[         -62.9452094,         -35.9886325       ],       [         -62.937352,         -35.9822777       ],       [         -62.9290652,         -35.9890145       ],       [         -62.9370085,         -35.995334       ],       [         -62.9453812,         -35.9886672       ]
      ***************
[         -62.9368368,         -35.995334       ],       [         -62.9291081,         -35.9890145       ],       [         -62.9217659,         -35.9951257       ],       [         -62.9294192,         -36.00141       ],       [         -62.9368043,         -35.9953687       ]
